locus	chr	start	stop	phen1	phen2	rho	rho.lower	rho.upper	r2	r2.lower	r2.upper	p
10	1	7711795	8580987	ASD	SCZ	0.253335	-0.64337	1	0.0641786	0	1	0.499886
39	1	41977967	43512669	ASD	SCZ	0.184068	-0.4621	0.91414	0.0338812	0	0.91214	0.516669
48	1	55727135	56799636	ASD	SCZ	0.52806	-0.04273	1	0.278847	0	1	0.0754404
56	1	65894185	66778015	ASD	SCZ	0.519352	-0.13904	1	0.269726	0	1	0.121307
84	1	96147577	97721186	ASD	SCZ	0.405482	-0.09893	1	0.164415	0	1	0.10741
85	1	97721187	99425000	ASD	SCZ	0.482708	0.08893	1	0.233007	0.00967	1	0.0169137
95	1	107874654	109271449	ASD	SCZ	-0.393859	-1	0.62264	0.155125	0	1	0.378226
131	1	173582512	175385220	ASD	SCZ	0.478305	-0.15702	1	0.228775	0	1	0.126598
142	1	187072606	187757076	ASD	SCZ	0.177205	-0.55398	1	0.0314018	0	1	0.566292
152	1	197935822	199263389	ASD	SCZ	-0.114547	-0.97706	0.54993	0.013121	0	1	0.696246
176	1	226534712	228045554	ASD	SCZ	0.254334	-0.44351	1	0.064686	0	1	0.411503
292	2	86867033	88547312	ASD	SCZ	0.887065	0.0162	1	0.786885	0.01771	1	0.0560834
293	2	88547313	91860961	ASD	SCZ	-0.380105	-1	0.68257	0.14448	0	1	0.406342
301	2	105120579	106546524	ASD	SCZ	0.343193	-0.51428	1	0.117781	0	1	0.353267
313	2	121073753	122026817	ASD	SCZ	-0.416788	-1	0.16628	0.173712	0	1	0.160567
369	2	184866233	186244920	ASD	SCZ	-0.121403	-0.92467	0.53223	0.0147388	0	0.98653	0.670277
383	2	205038120	206821199	ASD	SCZ	0.442037	-0.26174	1	0.195397	0	1	0.197447
397	2	220771553	221445191	ASD	SCZ	0.0153633	-1	1	0.000236031	0	1	0.96732
418	2	240325601	241113279	ASD	SCZ	0.238466	-0.61106	1	0.0568662	0	1	0.499092
461	3	42301658	44141693	ASD	SCZ	0.46134	-0.09221	1	0.212835	0	1	0.0986802
462	3	44141694	45844191	ASD	SCZ	0.310724	-0.2064	1	0.0965497	0	1	0.219266
466	3	51953969	54074844	ASD	SCZ	0.592474	0.20223	1	0.351025	0.04221	1	0.00486397
579	3	179372166	181424323	ASD	SCZ	0.246954	-0.25278	0.85632	0.0609861	0	0.73952	0.28654
705	4	118395263	119138097	ASD	SCZ	-0.0230614	-1	0.95783	0.000531826	0	1	0.950316
746	4	163937104	164781847	ASD	SCZ	0.190452	-1	1	0.0362721	0	1	0.657366
783	5	6936734	8079415	ASD	SCZ	0.486265	0.01031	1	0.236453	0.00319	1	0.0476423
830	5	63214090	64438518	ASD	SCZ	0.74293	0.08056	1	0.551945	0.0152	1	0.0332471
870	5	113121556	113998532	ASD	SCZ	0.0533462	-0.71616	0.8369	0.00284582	0	0.97645	0.860677
939	6	16566883	17391994	ASD	SCZ	1	0.37239	1	1	0.13897	1	0.00255506
954	6	29529756	29833843	ASD	SCZ	0.246162	-0.17482	0.70705	0.0605957	0	0.50052	0.227978
955	6	29833844	30070717	ASD	SCZ	0.134838	-0.41567	0.75931	0.0181813	0	0.6227	0.591087
957	6	30715007	31106493	ASD	SCZ	0.017797	-0.51226	0.55241	0.000316733	0	0.43447	0.937529
968	6	32897999	33194975	ASD	SCZ	0.37714	-0.17039	1	0.142235	0	1	0.162161
974	6	38688721	39785907	ASD	SCZ	0.826923	0.03262	1	0.683802	0.0133	1	0.0448773
998	6	66445496	67036787	ASD	SCZ	0.292176	-0.3918	1	0.085367	0	1	0.339109
1043	6	113705004	115062811	ASD	SCZ	0.643606	-0.18295	1	0.414229	0	1	0.116681
1048	6	119451295	120339244	ASD	SCZ	-0.547774	-1	0.15235	0.300057	0	1	0.117243
1087	6	163336362	164687462	ASD	SCZ	0.7175	0.02191	1	0.514806	0.00955	1	0.0462913
1117	7	17596579	19131026	ASD	SCZ	0.148955	-0.57314	0.99158	0.0221876	0	1	0.621605
1343	8	115334859	116094203	ASD	SCZ	-0.274441	-1	0.60596	0.0753176	0	1	0.474064
1353	8	128073655	129291118	ASD	SCZ	-0.288129	-1	0.42882	0.0830185	0	1	0.387584
1372	9	1103599	1874961	ASD	SCZ	0.069404	-0.79318	0.93347	0.00481692	0	1	0.832809
1410	9	32253284	33194892	ASD	SCZ	-0.260096	-1	0.27956	0.0676501	0	1	0.325749
1455	9	111368108	112076381	ASD	SCZ	0.171441	-0.57448	1	0.0293919	0	1	0.582461
1474	9	130902728	132193798	ASD	SCZ	0.758143	0.18481	1	0.57478	0.03563	1	0.0121529
1483	9	138995792	140097759	ASD	SCZ	0.671726	-0.0668	1	0.451216	0	1	0.0755329
1545	10	64069688	65400431	ASD	SCZ	0.10902	-0.48317	0.7579	0.0118854	0	0.67024	0.661981
1549	10	67769823	68623274	ASD	SCZ	-0.0997198	-1	0.80385	0.00994403	0	1	0.781073
1581	10	104206838	106142283	ASD	SCZ	0.591217	0.09402	1	0.349537	0.01277	1	0.0232677
1722	11	116247378	117295641	ASD	SCZ	0.484419	-0.44111	1	0.234662	0	1	0.254594
1747	12	6948955	8123317	ASD	SCZ	0.409273	-0.30878	1	0.167504	0	1	0.230215
1788	12	48960266	50344346	ASD	SCZ	0.331445	-0.1341	1	0.109856	0	1	0.159818
1808	12	73154516	74080747	ASD	SCZ	0.180255	-0.97532	1	0.0324918	0	1	0.662882
1809	12	74080748	75563968	ASD	SCZ	-0.0350291	-1	0.82585	0.00122704	0	1	0.918532
1840	12	110111515	111592381	ASD	SCZ	0.0571659	-0.60636	0.7673	0.00326794	0	0.81687	0.831907
1847	12	118256125	119301061	ASD	SCZ	-0.0949921	-1	0.90022	0.0090235	0	1	0.802995
1898	13	56434008	58245843	ASD	SCZ	0.316073	-0.35991	1	0.0999022	0	1	0.305512
1910	13	70427881	71010208	ASD	SCZ	0.491998	-0.46083	1	0.242062	0	1	0.241785
1914	13	74437636	75882384	ASD	SCZ	0.115181	-0.64712	0.98642	0.0132667	0	1	0.710744
1979	14	46748239	48177483	ASD	SCZ	0.297238	-0.44409	1	0.0883502	0	1	0.373981
1985	14	52760554	54359598	ASD	SCZ	-0.134016	-1	0.77217	0.0179604	0	1	0.715185
2007	14	77425454	78374053	ASD	SCZ	0.450706	-0.29835	1	0.203136	0	1	0.205418
2020	14	93386329	94892240	ASD	SCZ	-0.00330808	-1	0.88835	1.09434e-05	0	1	0.99224
2117	16	12793150	13893407	ASD	SCZ	0.517113	0.0286	1	0.267406	0.00578	1	0.0419169
2125	16	25235252	26154122	ASD	SCZ	0.179135	-0.76439	1	0.0320895	0	1	0.625894
2142	16	62607091	64207176	ASD	SCZ	-0.19866	-1	0.53386	0.0394657	0	1	0.542577
2149	16	71062713	72089511	ASD	SCZ	0.343082	-0.34718	1	0.117705	0	1	0.304168
2204	17	38880482	40233545	ASD	SCZ	0.301587	-0.59244	1	0.0909548	0	1	0.43215
2207	17	43460501	44865832	ASD	SCZ	-0.175272	-0.70699	0.30509	0.0307202	0	0.50653	0.448877
2266	18	36056933	37679127	ASD	SCZ	0.277169	-0.34649	1	0.0768226	0	1	0.336645
2282	18	53762997	54957867	ASD	SCZ	0.00151864	-0.6224	0.58352	2.30625e-06	0	0.54037	0.995307
2292	18	64253144	65294195	ASD	SCZ	-0.415151	-1	0.3843	0.17235	0	1	0.272381
2307	19	762047	1515920	ASD	SCZ	-0.0440281	-1	0.92485	0.00193847	0	1	0.90174
2372	20	2668109	3736551	ASD	SCZ	0.110875	-0.91066	1	0.0122933	0	1	0.762874
2384	20	14203756	15238519	ASD	SCZ	0.279271	-0.41109	1	0.0779921	0	1	0.370587
2401	20	35990262	37253657	ASD	SCZ	-0.361843	-1	0.31233	0.130931	0	1	0.264938
2413	20	49236419	50653620	ASD	SCZ	-0.323986	-1	0.38029	0.104967	0	1	0.331541
2485	22	41722788	42867927	ASD	SCZ	0.418167	-0.01431	1	0.174864	0	1	0.0535096
